699565
40246
617546
632552
867702
327158
723686
773850
483988
525648
562259
915226
983120
146146
35435
56312
642366
374715
389784
263555
585720
494504
739633
856804
397217
802173
613327
613873
713321
145768
167020
125568
611162
996922
801604
422777
364140
898113
76886
436725
462103
437326
325488
681073
145212
224511
995587
465579
55031
674206
202549
430591
668347
190903
254527
519557
85792
346384
711573
369337
925006
77052
758094
329115
559226
905245
629611
770653
266763
881687
420322
988255
866098
160237
869970
796388
776695
231285
117398
772280
30244
520469
78317
151224
37928
476361
152463
900511
479165
540981
665342
167122
826655
833332
23414
123053
815036
943184
192469
317972
35443
4740
259770
998778
782252
737139
385511
762246
119938
798902
237105
978099
568207
549996
824877
447709
163157
933955
501694
813041
500512
457636
823572
770717
987050
773185
594107
358475
22583
932560
636706
834785
32581
867469
901516
255762
177590
893813
369178
854824
700181
266305
563127
237502
923075
898663
716611
552959
966679
264404
468148
347428
936847
226345
114880
370689
664868
58537
548196
983667
853762
691875
921017
193825
500747
378976
778329
286620
49191
289206
584592
576088
807105
357773
203960
134889
757274
7603
192919
852037
860729
89036
207041
985162
563075
399562
807521
778
218824
371156
396865
991547
641126
212784
519112
308740
663065
815020
338808
329825
860617
325400
822705
874402
107102
62551
87935
839324
872478
59612
592851
702937
904362
114095
497918
471583
721935
433699
623924
357530
148375
193629
720505
576673
631907
140050
471198
512214
557784
998376
425194
272002
364423
642175
393592
997126
813239
629230
675156
211036
834168
271813
675476
259433
715723
203880
712211
613738
202154
390704
219665
757227
317911
5134
539565
628445
202660
687816
184729
870316
118485
440007
725219
405774
802173
960300
627006
641470
605642
499295
519605
149787
335034
563971
213194
58609
528129
259124
940175
155442
557353
307634
316092
167151
356979
759315
912757
668102
412350
841786
694590
681801
226781
316159
656544
187320
870164
42298
939533
592654
264209
824022
744030
7966
334994
985358
692025
407810
336132
249057
345853
241807
583299
301397
349866
490868
695216
38395
40967
515128
881583
798155
490046
871029
986369
616692
603676
15653
524751
735390
536656
317176
858570
445568
494868
395769
685909
410957
149588
512680
270359
2008
9990
716612
946049
396656
431130
930941
50700
238549
645477
781643
677667
843590
981421
221704
636326
210841
721037
542619
305602
287282
787485
638634
493936
322199
129480
174618
577767
643465
987021
122976
852176
896979
622463
13207
128457
698543
415447
463039
549768
231010
534062
94567
374740
660260
40965
880551
20868
585624
326807
781258
438365
554290
426598
896319
800970
65357
280732
155431
795297
605389
72135
597219
76114
13372
281802
138599
510066
97643
641442
351221
90244
718902
560668
200693
94239
710612
277147
15292
319597
190083
252753
504220
518446
8559
530930
494861
714726
391191
360835
203952
223370
563371
343570
588872
668734
750872
282739
315923
506459
628384
403235
173798
990005
542397
202790
234596
687372
797699
260703
156617
881634
128465
345670
407159
256846
332603
590416
453900
230932
72354
501595
98560
720000
619520
518577
257095
997653
84838
378489
470803
218124
499599
583967
471341
37772
817305
768517
928855
213953
671123
541958
2135
926912
795427
732876
55800
385547
900258
399030
637166
764656
908678
910410
268397
140038
146080
731830
974276
961953
639700
223130
177737
620835
982349
687788
602743
761621
162296
585826
541367
105356
484891
438530
933540
504609
819866
204822
517171
146639
291423
249338
35996
760928
332212
897409
92524
507266
570913
727199
372986
922648
784897
682475
43204
438275
348065
12485
754583
311225
316433
310197
518908
780008
864691
788357
534383
328083
81398
642039
724103
439129
74784
341432
514059
139116
641967
943848
838017
480140
814824
479083
400584
341149
909898
819449
622703
940840
880646
658854
205744
623327
129865
996038
879853
689601
140261
295980
787641
290726
797926
956950
250845
577282
73572
989026
369619
463711
795937
827380
100546
490434
655011
193593
149570
328435
159585
211140
946612
547635
969939
210724
550252
211120
747801
277769
962334
338382
676177
29566
182691
100953
16366
849328
405411
543328
786916
703204
176162
406227
66481
640083
826429
269676
319109
311118
554242
551875
83507
681012
879283
700551
422238
154032
774295
43633
86559
418029
591001
77439
973489
568983
528360
552133
869563
618535
787261
661961
985133
335653
594519
912790
177270
872602
886546
277253
51798
106300
188524
584483
312055
157583
817356
170414
23700
144346
950163
799973
337459
594237
169594
410692
793802
759910
57515
614666
181057
74603
400379
191241
505295
888693
804106
276915
273289
228575
461845
802603
761037
41219
116815
344113
744861
255656
60069
513300
619390
408816
143319
961856
754639
417164
351585
602620
12755
167178
338485
194623
712673
260577
648681
451885
499082
833600
962401
415930
661667
109445
543569
260452
278699
756976
908219
616549
222884
591681
43445
549627
879856
758106
580911
336548
61351
901549
596761
44004
895300
622888
147292
724667
769643
519933
655453
317416
459530
787569
615499
921799
120251
895047
895173
594486
166625
520257
700898
112321
169089
566111
914045
754833
354845
548791
734577
503129
80710
236642
772245
279299
360897
906585
517602
244848
862815
744231
398717
246563
922456
606563
866223
835892
749725
99785
987696
312272
176160
519777
212283
571020
65688
341171
12543
838539
111043
133712
700557
973234
300174
718646
912509
355541
929407
842201
827842
712821
100330
523903
263224
383865
301303
90279
981426
811981
438206
672940
470746
371489
749042
438914
352252
656217
615859
805308
856074
880125
531572
61160
350672
632422
37557
156185
730892
758346
4431
78382
488714
57809
377611
843215
98386
122379
438585
17091
541845
44781
456513
638629
269039
289375
150410
676664
837567
878629
213096
807799
742645
601295
771969
471762
61797
260535
593882
674515
218270
148248
137813
127628
239761
114291
642736
386453
953088
801761
249942
629539
486719
44698
452689
297670
78596
926669
289153
579233
704606
897244
966152
638473
362064
855358
415488
153555
603964
853518
486929
94957
127207
661382
856877
48635
618971
76367
250520
610371
433410
448295
203471
422217
184023
331336
842695
769793
848046
869762
20612
115276
127523
171194
502614
187409
244720
964281
45264
943449
916083
512277
589669
983731
584064
788515
343050
490887
156284
602233
466334
395709
908152
151430
672895
405782
465105
511095
783464
698466
894905
721679
276969
77881
354136
912541
599773
412796
636245
745919
353001
67989
569784
527824
89192
11562
982361
948349
430398
389502
31263
202748
827536
153711
27240
323493
110758
752796
810774
866466
556938
416286
55591
400537
402504
92666
578285
758531
583917
876738
177962
655089
518170
655312
87096
839704
416663
893432
187378
393359
119951
4096
343073
450685
253718
254019
288928
